2.597160637378692627e-02
-3.809561729431152344e-01
-7.076132297515869141e-01
-7.518276572227478027e-02
-4.022388160228729248e-01
-5.555453896522521973e-01
-1.191445112228393555e+00
-1.125153779983520508e+00
-1.395019143819808960e-01
4.231452941894531250e-02
-1.146512478590011597e-01
-9.452980756759643555e-01
9.163588285446166992e-02
-1.095063239336013794e-01
-6.674759984016418457e-01
4.542884230613708496e-01
1.208065390586853027e+00
-4.139080047607421875e-01
-1.451586723327636719e+00
2.559086680412292480e-01
-3.718062639236450195e-01
-7.447866201400756836e-01
-6.593329906463623047e-01
1.240443438291549683e-01
4.318933105468750000e+01
1.241983509063720703e+01
-6.339048147201538086e-01
2.764427661895751953e-01
2.169417589902877808e-01
7.678247690200805664e-01
2.998685240745544434e-01
-3.880541920661926270e-01
-2.683795988559722900e-01
4.210174083709716797e-02
6.334906220436096191e-01
-9.788274765014648438e-03
8.829586207866668701e-02
-5.639277398586273193e-02
5.993798375129699707e-02
-4.182777404785156250e-01
4.002173244953155518e-01
-4.535778760910034180e-01
-7.540847063064575195e-01
-3.504931926727294922e-02
-2.614259719848632812e-02
-6.927484273910522461e-01
7.206313312053680420e-02
9.200370311737060547e-01
-6.602016448974609375e+00
-4.391234517097473145e-01
1.985849440097808838e-01
8.662775158882141113e-02
-1.603206157684326172e+00
8.212195634841918945e-01
3.002978861331939697e-01
-6.278935074806213379e-01
1.241625189781188965e+00
-5.201426744461059570e-01
-1.204877346754074097e-01
-5.049738883972167969e-01
2.008116245269775391e-01
-2.328515052795410156e-02
-1.876377314329147339e-01
-4.887335896492004395e-01
-5.642089247703552246e-01
-1.406570523977279663e-01
-5.919170379638671875e-01
-2.292834967374801636e-01
-2.420850098133087158e-02
-1.247701048851013184e-01
1.199166297912597656e+00
6.534243226051330566e-01
-4.047922790050506592e-01
2.957001328468322754e-02
4.130302369594573975e-01
-5.968225598335266113e-01
-3.575152158737182617e-01
7.916343212127685547e-01
5.317449569702148438e+01
3.644186973571777344e+00
9.757116436958312988e-02
-2.100109308958053589e-01
3.145091235637664795e-02
5.322032570838928223e-01
8.408606648445129395e-01
1.090085506439208984e-01
4.613674283027648926e-01
1.988053321838378906e-02
-3.287115859985351562e+01
-3.606121826171875000e+01
-3.167510032653808594e-02
1.294210553169250488e-02
2.675816416740417480e-02
-3.142735362052917480e-01
-2.764427661895751953e-01
2.169379591941833496e-01
-7.875001430511474609e-01
-7.114244103431701660e-01
-5.542040467262268066e-01
-5.786253213882446289e-01
-4.062817990779876709e-01
-8.571200072765350342e-02
-1.470217108726501465e-01
-7.963232994079589844e-01
-1.792971789836883545e-01
-1.908561587333679199e-01
3.346100449562072754e-02
1.670394182205200195e+00
1.904077827930450439e-02
7.819144725799560547e-01
7.820740342140197754e-01
4.497248530387878418e-01
2.463749796152114868e-01
1.679053902626037598e-01
2.102807164192199707e-02
-2.865312099456787109e-01
2.454706281423568726e-01
6.998730301856994629e-01
1.029395103454589844e+00
-3.191448748111724854e-01
-1.841065764427185059e+00
2.817738652229309082e-01
4.385078549385070801e-01
2.028825134038925171e-01
-2.214407175779342651e-01
-4.593573510646820068e-02
1.719521731138229370e-01
-5.064291954040527344e-01
4.504848122596740723e-01
7.720805704593658447e-02
1.064474880695343018e-01
-1.983873546123504639e-01
6.358198821544647217e-02
1.202377080917358398e+00
4.312578439712524414e-01
3.243885934352874756e-01
5.121365189552307129e-01
1.436322927474975586e-02
1.632696390151977539e-01
2.061275392770767212e-01
-1.284049868583679199e+00
-1.804523169994354248e-02
-4.226133227348327637e-02
-1.068453311920166016e+00
1.915591210126876831e-01
2.342574298381805420e-02
-1.486966609954833984e+00
-3.157554566860198975e-01
9.449713230133056641e-01
1.945495605468750000e-03
7.759183645248413086e-02
1.507470369338989258e+00
-1.291360706090927124e-01
-1.039833188056945801e+00
2.207187563180923462e-01
6.812350749969482422e-01
3.026879429817199707e-01
-2.972162365913391113e-01
1.433853060007095337e-01
-1.267383992671966553e-01
-3.802418112754821777e-01
5.246606469154357910e-01
9.646542072296142578e-01
4.946042597293853760e-01
1.677723973989486694e-01
7.769480943679809570e-01
-1.647439599037170410e-01
8.428061604499816895e-01
-5.017402768135070801e-01
4.005365073680877686e-02
-7.610459327697753906e-01
-5.391530692577362061e-02
9.947181940078735352e-01
-4.036219418048858643e-01
2.745238542556762695e-01
8.752906322479248047e-01
1.317803502082824707e+00
5.861451625823974609e-01
-1.480020582675933838e-01
-9.949386119842529297e-02
-6.851070523262023926e-01
-4.295289516448974609e-01
8.945822119712829590e-01
3.269344568252563477e-02
-9.952425956726074219e-02
-3.627247214317321777e-01
1.109365701675415039e+00
3.176781535148620605e-01
3.307418525218963623e-01
4.538932442665100098e-01
-4.929627478122711182e-01
9.724438190460205078e-01
6.481578350067138672e-01
5.659074187278747559e-01
8.608741760253906250e-01
6.907725334167480469e-01
7.285994887351989746e-01
2.274367958307266235e-01
1.359175682067871094e+00
1.589150726795196533e-01
-3.337740898132324219e-02
4.749858975410461426e-01
7.813900709152221680e-02
-3.264024853706359863e-01
5.742024183273315430e-01
-5.616402626037597656e-01
3.831220269203186035e-01
-7.242411375045776367e-02
5.154917240142822266e-01
1.032556593418121338e-01
-1.923494786024093628e-01
-4.053242504596710205e-02
-4.905916750431060791e-02
5.324160456657409668e-01
-8.007310330867767334e-02
4.847210049629211426e-01
2.952441573143005371e-03
-2.661339044570922852e-01
5.382411479949951172e-01
-3.388696312904357910e-01
6.708502173423767090e-01
6.033886075019836426e-01
3.492696583271026611e-01
4.068479537963867188e-01
3.036417067050933838e-02
3.491708636283874512e-01
-2.110026776790618896e-01
9.985902309417724609e-01
-2.103795111179351807e-01
-2.672776579856872559e-02
-3.563486933708190918e-01
-5.378155708312988281e-01
4.338151216506958008e-01
2.473287284374237061e-02
-2.595602869987487793e-01
4.183803498744964600e-01
1.168235898017883301e+00
-2.978546023368835449e-01
-3.076428771018981934e-01
6.286534667015075684e-01
-1.701966673135757446e-01
2.499543875455856323e-01
3.663839399814605713e-01
-1.752465963363647461e-02
-1.481274515390396118e-01
3.232828378677368164e-01
-1.630492508411407471e-01
8.472177386283874512e-01
6.032176315784454346e-02
-5.671157836914062500e-01
-3.404199481010437012e-01
3.540877997875213623e-01
1.605033874511718750e-01
-6.497651338577270508e-04
9.598740935325622559e-01
1.705310493707656860e-01
-7.930174469947814941e-03
-8.165457844734191895e-01
8.495888113975524902e-01
3.418144583702087402e-01
-7.940433919429779053e-02
-1.642727851867675781e-01
3.940312564373016357e-01
-5.830787420272827148e-01
1.499289393424987793e+00
-1.768311113119125366e-01
4.049176573753356934e-01
1.781838387250900269e-01
7.348653674125671387e-01
-4.246804118156433105e-01
3.437257409095764160e-01
2.175459265708923340e-01
7.243627309799194336e-01
-3.814615309238433838e-02
-1.077546179294586182e-01
-3.524425029754638672e-01
-5.324274301528930664e-02
4.994755983352661133e-01
-2.076360583305358887e-01
2.946361899375915527e-01
3.672502934932708740e-01
-8.556532859802246094e-01
-2.393491566181182861e-02
-5.826607346534729004e-02
-2.299940586090087891e-01
5.167684555053710938e-01
2.931656837463378906e-01
-4.722652435302734375e-01
6.149134039878845215e-01
4.660716056823730469e-01
-4.216025769710540771e-01
5.883414149284362793e-01
3.451468944549560547e-01
-2.322397381067276001e-01
1.179555535316467285e+00
-4.115369319915771484e-01
-1.924634724855422974e-01
4.950070381164550781e-01
2.238459885120391846e-01
-4.044578969478607178e-01
-6.076443791389465332e-01
-1.853312551975250244e-01
-1.443466544151306152e-01
-3.987582027912139893e-01
1.470027118921279907e-01
-4.037891328334808350e-01
-1.656521111726760864e-01
-6.984937191009521484e-01
-1.707400381565093994e-01
-1.086741685867309570e-02
-1.218556612730026245e-01
9.955465793609619141e-01
-1.523908227682113647e-01
1.305837929248809814e-01
-5.958003997802734375e-01
-4.649126529693603516e-01
-3.936588764190673828e-01
4.066161811351776123e-02
1.156619936227798462e-01
-4.434627890586853027e-01
-9.000462889671325684e-01
1.378623008728027344e+00
-7.258370518684387207e-02
-5.155335664749145508e-01
-3.355599939823150635e-01
1.359985023736953735e-01
-6.158443689346313477e-01
5.029486417770385742e-01
-3.083154559135437012e-02
3.040634989738464355e-01
-4.862979054450988770e-01
-7.207073271274566650e-02
-8.076542615890502930e-01
3.302326798439025879e-01
-2.765871584415435791e-01
3.073579072952270508e-01
4.537754654884338379e-01
7.652371525764465332e-01
7.315557599067687988e-01
2.459152042865753174e-01
-3.649780154228210449e-01
1.936794072389602661e-01
-7.049343585968017578e-01
3.371369242668151855e-01
1.637902110815048218e-01
3.304720520973205566e-01
6.668072342872619629e-01
5.969479680061340332e-03
-1.726437360048294067e-01
-7.776510715484619141e-01
-5.416609048843383789e-01
-8.793563842773437500e-01
-1.365798711776733398e-01
-7.936975955963134766e-01
3.803026080131530762e-01
2.365753054618835449e-02
5.187443494796752930e-01
-2.440989017486572266e-01
2.648648023605346680e-01
4.913858175277709961e-01
4.567924737930297852e-01
2.703022956848144531e-01
-1.459501683712005615e-01
-3.372395038604736328e-01
4.174342155456542969e-01
2.602822184562683105e-01
4.584302008152008057e-01
-4.930159449577331543e-01
3.265164792537689209e-02
-4.118636846542358398e-01
2.525344491004943848e-01
2.286109328269958496e-01
-7.371756434440612793e-01
-3.662129640579223633e-01
4.631229639053344727e-01
2.369780838489532471e-01
7.116904258728027344e-01
3.482398986816406250e-01
4.035383462905883789e-02
5.326820015907287598e-01
8.985947966575622559e-01
1.375830173492431641e-01
2.361231297254562378e-01
6.126753091812133789e-01
1.253085374832153320e+00
4.634383320808410645e-01
2.760095894336700439e-01
-6.734758615493774414e-01
9.476311504840850830e-02
1.331403017044067383e+00
-9.511573314666748047e-01
-2.950959801673889160e-01
-2.335734665393829346e-01
2.756828069686889648e-01
2.926222980022430420e-02
4.453057050704956055e-01
5.580760538578033447e-02
1.109236478805541992e-01
6.815618276596069336e-01
-1.779444515705108643e-01
